8c090000
8c080004
00005024
ac090008
01284824
00000000
00000000
11200003
00000000
00000000
01495020
8c090008
00000000
00000000
01294820
00000000
00000000
ac090008
01094824
00000000
00000000
11200006
00000000
00000000
8c090000
00000000
00000000
01495020
8c090008
00000000
00000000
01294820
00000000
00000000
ac090008
01094824
00000000
00000000
11200006
00000000
00000000
8c090000
00000000
00000000
01495020
8c090008
00000000
00000000
01294820
00000000
00000000
ac090008
01094824
00000000
00000000
11200006
00000000
00000000
8c090000
00000000
00000000
01495020
8c090008
00000000
00000000
01294820
00000000
00000000
ac090008
01094824
00000000
00000000
11200006
00000000
00000000
8c090000
00000000
00000000
01495020
8c090008
00000000
00000000
01294820
00000000
00000000
ac090008
01094824
00000000
00000000
11200006
00000000
00000000
8c090000
00000000
00000000
01495020
8c090008
00000000
00000000
01294820
00000000
00000000
ac090008
01094824
00000000
00000000
11200006
00000000
00000000
8c090000
00000000
00000000
01495020
8c090008
00000000
00000000
01294820
00000000
00000000
01094824
00000000
00000000
11200008
00000000
00000000
8c090000
00000000
00000000
01495020
00000000
00000000
ac0a0008
